[[  1.00000000e+00   1.12561928e-16  -9.61800946e-15]
 [  3.56844560e-17   1.00000000e+00  -5.53895597e-15]
 [  7.75585872e-19   9.91751449e-19   1.00000000e+00]]
[[  1.00000000e+00   1.12561928e-16  -9.61800946e-15]
 [  3.56844560e-17   1.00000000e+00  -5.53895597e-15]
 [  7.75585872e-19   9.91751449e-19   1.00000000e+00]]
[[  1.00000000e+00   1.12561928e-16  -9.61800946e-15]
 [  3.56844560e-17   1.00000000e+00  -5.53895597e-15]
 [  7.75585872e-19   9.91751449e-19   1.00000000e+00]]
[[  1.00000000e+00   1.12561928e-16  -9.61800946e-15]
 [  3.56844560e-17   1.00000000e+00  -5.53895597e-15]
 [  7.75585872e-19   9.91751449e-19   1.00000000e+00]]
[[  1.00000000e+00  -1.17503992e-16   3.06400457e-15]
 [ -1.01359898e-17   1.00000000e+00   3.52095410e-15]
 [ -4.29449814e-19  -1.30116549e-18   1.00000000e+00]]
[[  1.00000000e+00  -1.17503992e-16   3.06400457e-15]
 [ -1.01359898e-17   1.00000000e+00   3.52095410e-15]
 [ -4.29449814e-19  -1.30116549e-18   1.00000000e+00]]
[[  1.00000000e+00  -1.17503992e-16   3.06400457e-15]
 [ -1.01359898e-17   1.00000000e+00   3.52095410e-15]
 [ -4.29449814e-19  -1.30116549e-18   1.00000000e+00]]
[[  1.00000000e+00  -1.17503992e-16   3.06400457e-15]
 [ -1.01359898e-17   1.00000000e+00   3.52095410e-15]
 [ -4.29449814e-19  -1.30116549e-18   1.00000000e+00]]
[[  1.00000000e+00  -1.17503992e-16   3.06400457e-15]
 [ -1.01359898e-17   1.00000000e+00   3.52095410e-15]
 [ -4.29449814e-19  -1.30116549e-18   1.00000000e+00]]
[[  1.00000000e+00  -9.75193139e-19  -1.28943213e-16]
 [ -2.54288350e-18   1.00000000e+00   8.10470162e-17]
 [  2.13116943e-19  -2.85134509e-19   1.00000000e+00]]
[[  1.00000000e+00  -9.75193139e-19  -1.28943213e-16]
 [ -2.54288350e-18   1.00000000e+00   8.10470162e-17]
 [  2.13116943e-19  -2.85134509e-19   1.00000000e+00]]
[[  1.00000000e+00  -9.75193139e-19  -1.28943213e-16]
 [ -2.54288350e-18   1.00000000e+00   8.10470162e-17]
 [  2.13116943e-19  -2.85134509e-19   1.00000000e+00]]
[[  1.00000000e+00  -9.75193139e-19  -1.28943213e-16]
 [ -2.54288350e-18   1.00000000e+00   8.10470162e-17]
 [  2.13116943e-19  -2.85134509e-19   1.00000000e+00]]
[[  1.00000000e+00  -9.75193139e-19  -1.28943213e-16]
 [ -2.54288350e-18   1.00000000e+00   8.10470162e-17]
 [  2.13116943e-19  -2.85134509e-19   1.00000000e+00]]
[[  1.00000000e+00  -9.75193139e-19  -1.28943213e-16]
 [ -2.54288350e-18   1.00000000e+00   8.10470162e-17]
 [  2.13116943e-19  -2.85134509e-19   1.00000000e+00]]
[[  1.00000000e+00  -9.75193139e-19  -1.28943213e-16]
 [ -2.54288350e-18   1.00000000e+00   8.10470162e-17]
 [  2.13116943e-19  -2.85134509e-19   1.00000000e+00]]
[[  1.00000000e+00   8.90953865e-18  -5.16130022e-16]
 [  1.74025535e-18   1.00000000e+00  -2.99793336e-16]
 [  2.98474075e-19  -1.59783557e-19   1.00000000e+00]]
[[  1.00000000e+00   8.90953865e-18  -5.16130022e-16]
 [  1.74025535e-18   1.00000000e+00  -2.99793336e-16]
 [  2.98474075e-19  -1.59783557e-19   1.00000000e+00]]
[[  1.00000000e+00   8.90953865e-18  -5.16130022e-16]
 [  1.74025535e-18   1.00000000e+00  -2.99793336e-16]
 [  2.98474075e-19  -1.59783557e-19   1.00000000e+00]]
[[  1.00000000e+00   8.90953865e-18  -5.16130022e-16]
 [  1.74025535e-18   1.00000000e+00  -2.99793336e-16]
 [  2.98474075e-19  -1.59783557e-19   1.00000000e+00]]
[[  1.00000000e+00   8.90953865e-18  -5.16130022e-16]
 [  1.74025535e-18   1.00000000e+00  -2.99793336e-16]
 [  2.98474075e-19  -1.59783557e-19   1.00000000e+00]]
[[  1.00000000e+00   8.90953865e-18  -5.16130022e-16]
 [  1.74025535e-18   1.00000000e+00  -2.99793336e-16]
 [  2.98474075e-19  -1.59783557e-19   1.00000000e+00]]
[[  1.00000000e+00   8.90953865e-18  -5.16130022e-16]
 [  1.74025535e-18   1.00000000e+00  -2.99793336e-16]
 [  2.98474075e-19  -1.59783557e-19   1.00000000e+00]]
[[  1.00000000e+00   8.90953865e-18  -5.16130022e-16]
 [  1.74025535e-18   1.00000000e+00  -2.99793336e-16]
 [  2.98474075e-19  -1.59783557e-19   1.00000000e+00]]
[[  1.00000000e+00  -1.15556577e-16   7.11236164e-15]
 [ -1.27851143e-17   1.00000000e+00   2.55252140e-15]
 [ -3.86969862e-19  -7.85037308e-19   1.00000000e+00]]
[[  1.00000000e+00  -1.15556577e-16   7.11236164e-15]
 [ -1.27851143e-17   1.00000000e+00   2.55252140e-15]
 [ -3.86969862e-19  -7.85037308e-19   1.00000000e+00]]
[[  1.00000000e+00  -1.15556577e-16   7.11236164e-15]
 [ -1.27851143e-17   1.00000000e+00   2.55252140e-15]
 [ -3.86969862e-19  -7.85037308e-19   1.00000000e+00]]
[[  1.00000000e+00  -1.15556577e-16   7.11236164e-15]
 [ -1.27851143e-17   1.00000000e+00   2.55252140e-15]
 [ -3.86969862e-19  -7.85037308e-19   1.00000000e+00]]
[[  1.00000000e+00  -1.15556577e-16   7.11236164e-15]
 [ -1.27851143e-17   1.00000000e+00   2.55252140e-15]
 [ -3.86969862e-19  -7.85037308e-19   1.00000000e+00]]
[[  1.00000000e+00  -1.15556577e-16   7.11236164e-15]
 [ -1.27851143e-17   1.00000000e+00   2.55252140e-15]
 [ -3.86969862e-19  -7.85037308e-19   1.00000000e+00]]
[[  1.00000000e+00  -1.15556577e-16   7.11236164e-15]
 [ -1.27851143e-17   1.00000000e+00   2.55252140e-15]
 [ -3.86969862e-19  -7.85037308e-19   1.00000000e+00]]
[[  1.00000000e+00  -1.15556577e-16   7.11236164e-15]
 [ -1.27851143e-17   1.00000000e+00   2.55252140e-15]
 [ -3.86969862e-19  -7.85037308e-19   1.00000000e+00]]
[[  1.00000000e+00  -1.15556577e-16   7.11236164e-15]
 [ -1.27851143e-17   1.00000000e+00   2.55252140e-15]
 [ -3.86969862e-19  -7.85037308e-19   1.00000000e+00]]
[[  1.00000000e+00  -1.15556577e-16   7.11236164e-15]
 [ -1.27851143e-17   1.00000000e+00   2.55252140e-15]
 [ -3.86969862e-19  -7.85037308e-19   1.00000000e+00]]
[[  1.00000000e+00  -1.15556577e-16   7.11236164e-15]
 [ -1.27851143e-17   1.00000000e+00   2.55252140e-15]
 [ -3.86969862e-19  -7.85037308e-19   1.00000000e+00]]
[[  1.00000000e+00   6.93864985e-18  -6.53795743e-15]
 [  7.72893222e-17   1.00000000e+00  -1.06825905e-14]
 [  1.43573065e-18   1.51532718e-19   1.00000000e+00]]
[[  1.00000000e+00   6.93864985e-18  -6.53795743e-15]
 [  7.72893222e-17   1.00000000e+00  -1.06825905e-14]
 [  1.43573065e-18   1.51532718e-19   1.00000000e+00]]
[[  1.00000000e+00   6.93864985e-18  -6.53795743e-15]
 [  7.72893222e-17   1.00000000e+00  -1.06825905e-14]
 [  1.43573065e-18   1.51532718e-19   1.00000000e+00]]
[[  1.00000000e+00   6.93864985e-18  -6.53795743e-15]
 [  7.72893222e-17   1.00000000e+00  -1.06825905e-14]
 [  1.43573065e-18   1.51532718e-19   1.00000000e+00]]
[[  1.00000000e+00   6.93864985e-18  -6.53795743e-15]
 [  7.72893222e-17   1.00000000e+00  -1.06825905e-14]
 [  1.43573065e-18   1.51532718e-19   1.00000000e+00]]
[[  1.00000000e+00   6.93864985e-18  -6.53795743e-15]
 [  7.72893222e-17   1.00000000e+00  -1.06825905e-14]
 [  1.43573065e-18   1.51532718e-19   1.00000000e+00]]
[[  1.00000000e+00   6.93864985e-18  -6.53795743e-15]
 [  7.72893222e-17   1.00000000e+00  -1.06825905e-14]
 [  1.43573065e-18   1.51532718e-19   1.00000000e+00]]
[[  1.00000000e+00   6.93864985e-18  -6.53795743e-15]
 [  7.72893222e-17   1.00000000e+00  -1.06825905e-14]
 [  1.43573065e-18   1.51532718e-19   1.00000000e+00]]
[[  1.00000000e+00   6.93864985e-18  -6.53795743e-15]
 [  7.72893222e-17   1.00000000e+00  -1.06825905e-14]
 [  1.43573065e-18   1.51532718e-19   1.00000000e+00]]
[[  1.00000000e+00   6.93864985e-18  -6.53795743e-15]
 [  7.72893222e-17   1.00000000e+00  -1.06825905e-14]
 [  1.43573065e-18   1.51532718e-19   1.00000000e+00]]
[[  1.00000000e+00   6.93864985e-18  -6.53795743e-15]
 [  7.72893222e-17   1.00000000e+00  -1.06825905e-14]
 [  1.43573065e-18   1.51532718e-19   1.00000000e+00]]
[[  1.00000000e+00   6.93864985e-18  -6.53795743e-15]
 [  7.72893222e-17   1.00000000e+00  -1.06825905e-14]
 [  1.43573065e-18   1.51532718e-19   1.00000000e+00]]
[[  1.00000000e+00   7.00905197e-18  -6.10904547e-16]
 [  3.87444169e-18   1.00000000e+00   2.88575791e-16]
 [ -1.48361398e-19   1.52015463e-19   1.00000000e+00]]
[[  1.00000000e+00   7.00905197e-18  -6.10904547e-16]
 [  3.87444169e-18   1.00000000e+00   2.88575791e-16]
 [ -1.48361398e-19   1.52015463e-19   1.00000000e+00]]
[[  1.00000000e+00   7.00905197e-18  -6.10904547e-16]
 [  3.87444169e-18   1.00000000e+00   2.88575791e-16]
 [ -1.48361398e-19   1.52015463e-19   1.00000000e+00]]
[[  1.00000000e+00   7.00905197e-18  -6.10904547e-16]
 [  3.87444169e-18   1.00000000e+00   2.88575791e-16]
 [ -1.48361398e-19   1.52015463e-19   1.00000000e+00]]
[[  1.00000000e+00   7.00905197e-18  -6.10904547e-16]
 [  3.87444169e-18   1.00000000e+00   2.88575791e-16]
 [ -1.48361398e-19   1.52015463e-19   1.00000000e+00]]
[[  1.00000000e+00   7.00905197e-18  -6.10904547e-16]
 [  3.87444169e-18   1.00000000e+00   2.88575791e-16]
 [ -1.48361398e-19   1.52015463e-19   1.00000000e+00]]
[[  1.00000000e+00   7.00905197e-18  -6.10904547e-16]
 [  3.87444169e-18   1.00000000e+00   2.88575791e-16]
 [ -1.48361398e-19   1.52015463e-19   1.00000000e+00]]
[[  1.00000000e+00   7.00905197e-18  -6.10904547e-16]
 [  3.87444169e-18   1.00000000e+00   2.88575791e-16]
 [ -1.48361398e-19   1.52015463e-19   1.00000000e+00]]
[[  1.00000000e+00   7.00905197e-18  -6.10904547e-16]
 [  3.87444169e-18   1.00000000e+00   2.88575791e-16]
 [ -1.48361398e-19   1.52015463e-19   1.00000000e+00]]
[[  1.00000000e+00   7.00905197e-18  -6.10904547e-16]
 [  3.87444169e-18   1.00000000e+00   2.88575791e-16]
 [ -1.48361398e-19   1.52015463e-19   1.00000000e+00]]
[[  1.00000000e+00   7.00905197e-18  -6.10904547e-16]
 [  3.87444169e-18   1.00000000e+00   2.88575791e-16]
 [ -1.48361398e-19   1.52015463e-19   1.00000000e+00]]
[[  1.00000000e+00   7.00905197e-18  -6.10904547e-16]
 [  3.87444169e-18   1.00000000e+00   2.88575791e-16]
 [ -1.48361398e-19   1.52015463e-19   1.00000000e+00]]
[[  1.00000000e+00   7.00905197e-18  -6.10904547e-16]
 [  3.87444169e-18   1.00000000e+00   2.88575791e-16]
 [ -1.48361398e-19   1.52015463e-19   1.00000000e+00]]
[[  1.00000000e+00   7.00905197e-18  -6.10904547e-16]
 [  3.87444169e-18   1.00000000e+00   2.88575791e-16]
 [ -1.48361398e-19   1.52015463e-19   1.00000000e+00]]
[[  1.00000000e+00   7.00905197e-18  -6.10904547e-16]
 [  3.87444169e-18   1.00000000e+00   2.88575791e-16]
 [ -1.48361398e-19   1.52015463e-19   1.00000000e+00]]
[[  1.00000000e+00   7.00905197e-18  -6.10904547e-16]
 [  3.87444169e-18   1.00000000e+00   2.88575791e-16]
 [ -1.48361398e-19   1.52015463e-19   1.00000000e+00]]
[[  1.00000000e+00   7.00905197e-18  -6.10904547e-16]
 [  3.87444169e-18   1.00000000e+00   2.88575791e-16]
 [ -1.48361398e-19   1.52015463e-19   1.00000000e+00]]
[[  1.00000000e+00   7.00905197e-18  -6.10904547e-16]
 [  3.87444169e-18   1.00000000e+00   2.88575791e-16]
 [ -1.48361398e-19   1.52015463e-19   1.00000000e+00]]
[[  1.00000000e+00   7.00905197e-18  -6.10904547e-16]
 [  3.87444169e-18   1.00000000e+00   2.88575791e-16]
 [ -1.48361398e-19   1.52015463e-19   1.00000000e+00]]
[[  1.00000000e+00   7.00905197e-18  -6.10904547e-16]
 [  3.87444169e-18   1.00000000e+00   2.88575791e-16]
 [ -1.48361398e-19   1.52015463e-19   1.00000000e+00]]
[[  1.00000000e+00   7.00905197e-18  -6.10904547e-16]
 [  3.87444169e-18   1.00000000e+00   2.88575791e-16]
 [ -1.48361398e-19   1.52015463e-19   1.00000000e+00]]
[[  1.00000000e+00   7.00905197e-18  -6.10904547e-16]
 [  3.87444169e-18   1.00000000e+00   2.88575791e-16]
 [ -1.48361398e-19   1.52015463e-19   1.00000000e+00]]
[[  1.00000000e+00   7.00905197e-18  -6.10904547e-16]
 [  3.87444169e-18   1.00000000e+00   2.88575791e-16]
 [ -1.48361398e-19   1.52015463e-19   1.00000000e+00]]
[[  1.00000000e+00   7.00905197e-18  -6.10904547e-16]
 [  3.87444169e-18   1.00000000e+00   2.88575791e-16]
 [ -1.48361398e-19   1.52015463e-19   1.00000000e+00]]
[[  1.00000000e+00   7.00905197e-18  -6.10904547e-16]
 [  3.87444169e-18   1.00000000e+00   2.88575791e-16]
 [ -1.48361398e-19   1.52015463e-19   1.00000000e+00]]
[[  1.00000000e+00   7.00905197e-18  -6.10904547e-16]
 [  3.87444169e-18   1.00000000e+00   2.88575791e-16]
 [ -1.48361398e-19   1.52015463e-19   1.00000000e+00]]
[[  1.00000000e+00   1.00563369e-17  -3.69020650e-16]
 [ -8.77692208e-19   1.00000000e+00  -1.92860107e-16]
 [  1.43750917e-20  -1.79616308e-19   1.00000000e+00]]
[[  1.00000000e+00   1.00563369e-17  -3.69020650e-16]
 [ -8.77692208e-19   1.00000000e+00  -1.92860107e-16]
 [  1.43750917e-20  -1.79616308e-19   1.00000000e+00]]
[[  1.00000000e+00   1.00563369e-17  -3.69020650e-16]
 [ -8.77692208e-19   1.00000000e+00  -1.92860107e-16]
 [  1.43750917e-20  -1.79616308e-19   1.00000000e+00]]
[[  1.00000000e+00   1.00563369e-17  -3.69020650e-16]
 [ -8.77692208e-19   1.00000000e+00  -1.92860107e-16]
 [  1.43750917e-20  -1.79616308e-19   1.00000000e+00]]
[[  1.00000000e+00   1.00563369e-17  -3.69020650e-16]
 [ -8.77692208e-19   1.00000000e+00  -1.92860107e-16]
 [  1.43750917e-20  -1.79616308e-19   1.00000000e+00]]
[[  1.00000000e+00   1.00563369e-17  -3.69020650e-16]
 [ -8.77692208e-19   1.00000000e+00  -1.92860107e-16]
 [  1.43750917e-20  -1.79616308e-19   1.00000000e+00]]
[[  1.00000000e+00   1.00563369e-17  -3.69020650e-16]
 [ -8.77692208e-19   1.00000000e+00  -1.92860107e-16]
 [  1.43750917e-20  -1.79616308e-19   1.00000000e+00]]
[[  1.00000000e+00   1.00563369e-17  -3.69020650e-16]
 [ -8.77692208e-19   1.00000000e+00  -1.92860107e-16]
 [  1.43750917e-20  -1.79616308e-19   1.00000000e+00]]
[[  1.00000000e+00   1.00563369e-17  -3.69020650e-16]
 [ -8.77692208e-19   1.00000000e+00  -1.92860107e-16]
 [  1.43750917e-20  -1.79616308e-19   1.00000000e+00]]
[[  1.00000000e+00   1.00563369e-17  -3.69020650e-16]
 [ -8.77692208e-19   1.00000000e+00  -1.92860107e-16]
 [  1.43750917e-20  -1.79616308e-19   1.00000000e+00]]
[[  1.00000000e+00   1.00563369e-17  -3.69020650e-16]
 [ -8.77692208e-19   1.00000000e+00  -1.92860107e-16]
 [  1.43750917e-20  -1.79616308e-19   1.00000000e+00]]
[[  1.00000000e+00   1.00563369e-17  -3.69020650e-16]
 [ -8.77692208e-19   1.00000000e+00  -1.92860107e-16]
 [  1.43750917e-20  -1.79616308e-19   1.00000000e+00]]
[[  1.00000000e+00   1.00563369e-17  -3.69020650e-16]
 [ -8.77692208e-19   1.00000000e+00  -1.92860107e-16]
 [  1.43750917e-20  -1.79616308e-19   1.00000000e+00]]
[[  1.00000000e+00   1.00563369e-17  -3.69020650e-16]
 [ -8.77692208e-19   1.00000000e+00  -1.92860107e-16]
 [  1.43750917e-20  -1.79616308e-19   1.00000000e+00]]
[[  1.00000000e+00   1.00563369e-17  -3.69020650e-16]
 [ -8.77692208e-19   1.00000000e+00  -1.92860107e-16]
 [  1.43750917e-20  -1.79616308e-19   1.00000000e+00]]
[[  1.00000000e+00   1.00563369e-17  -3.69020650e-16]
 [ -8.77692208e-19   1.00000000e+00  -1.92860107e-16]
 [  1.43750917e-20  -1.79616308e-19   1.00000000e+00]]
[[  1.00000000e+00   1.00563369e-17  -3.69020650e-16]
 [ -8.77692208e-19   1.00000000e+00  -1.92860107e-16]
 [  1.43750917e-20  -1.79616308e-19   1.00000000e+00]]
[[  1.00000000e+00   1.00563369e-17  -3.69020650e-16]
 [ -8.77692208e-19   1.00000000e+00  -1.92860107e-16]
 [  1.43750917e-20  -1.79616308e-19   1.00000000e+00]]
[[  1.00000000e+00   1.00563369e-17  -3.69020650e-16]
 [ -8.77692208e-19   1.00000000e+00  -1.92860107e-16]
 [  1.43750917e-20  -1.79616308e-19   1.00000000e+00]]
[[  1.00000000e+00   1.00563369e-17  -3.69020650e-16]
 [ -8.77692208e-19   1.00000000e+00  -1.92860107e-16]
 [  1.43750917e-20  -1.79616308e-19   1.00000000e+00]]
[[  1.00000000e+00   1.00563369e-17  -3.69020650e-16]
 [ -8.77692208e-19   1.00000000e+00  -1.92860107e-16]
 [  1.43750917e-20  -1.79616308e-19   1.00000000e+00]]
[[  1.00000000e+00   1.00563369e-17  -3.69020650e-16]
 [ -8.77692208e-19   1.00000000e+00  -1.92860107e-16]
 [  1.43750917e-20  -1.79616308e-19   1.00000000e+00]]
[[  1.00000000e+00   1.00563369e-17  -3.69020650e-16]
 [ -8.77692208e-19   1.00000000e+00  -1.92860107e-16]
 [  1.43750917e-20  -1.79616308e-19   1.00000000e+00]]
[[  1.00000000e+00   1.00563369e-17  -3.69020650e-16]
 [ -8.77692208e-19   1.00000000e+00  -1.92860107e-16]
 [  1.43750917e-20  -1.79616308e-19   1.00000000e+00]]
[[  1.00000000e+00   1.00563369e-17  -3.69020650e-16]
 [ -8.77692208e-19   1.00000000e+00  -1.92860107e-16]
 [  1.43750917e-20  -1.79616308e-19   1.00000000e+00]]
[[  1.00000000e+00   1.00563369e-17  -3.69020650e-16]
 [ -8.77692208e-19   1.00000000e+00  -1.92860107e-16]
 [  1.43750917e-20  -1.79616308e-19   1.00000000e+00]]
