[[  1.00000000e+00   2.57962312e-17   3.51374518e-15]
 [  1.33350086e-18   1.00000000e+00  -7.97657291e-16]
 [  5.37295647e-20   9.38206484e-20   1.00000000e+00]]
[[  1.00000000e+00   2.57962312e-17   3.51374518e-15]
 [  1.33350086e-18   1.00000000e+00  -7.97657291e-16]
 [  5.37295647e-20   9.38206484e-20   1.00000000e+00]]
[[  1.00000000e+00   2.57962312e-17   3.51374518e-15]
 [  1.33350086e-18   1.00000000e+00  -7.97657291e-16]
 [  5.37295647e-20   9.38206484e-20   1.00000000e+00]]
[[  1.00000000e+00   5.30354588e-17   3.81411851e-14]
 [ -1.91313306e-17   1.00000000e+00   1.62496357e-14]
 [ -1.31895199e-19   1.62717561e-19   1.00000000e+00]]
[[  1.00000000e+00   5.30354588e-17   3.81411851e-14]
 [ -1.91313306e-17   1.00000000e+00   1.62496357e-14]
 [ -1.31895199e-19   1.62717561e-19   1.00000000e+00]]
[[  1.00000000e+00   5.30354588e-17   3.81411851e-14]
 [ -1.91313306e-17   1.00000000e+00   1.62496357e-14]
 [ -1.31895199e-19   1.62717561e-19   1.00000000e+00]]
[[  1.00000000e+00   5.30354588e-17   3.81411851e-14]
 [ -1.91313306e-17   1.00000000e+00   1.62496357e-14]
 [ -1.31895199e-19   1.62717561e-19   1.00000000e+00]]
[[  1.00000000e+00   5.30354588e-17   3.81411851e-14]
 [ -1.91313306e-17   1.00000000e+00   1.62496357e-14]
 [ -1.31895199e-19   1.62717561e-19   1.00000000e+00]]
[[  1.00000000e+00  -2.24590604e-17  -2.13608312e-15]
 [ -1.40244285e-18   1.00000000e+00   8.22177767e-16]
 [  6.82128561e-20  -2.28846747e-20   1.00000000e+00]]
[[  1.00000000e+00  -2.24590604e-17  -2.13608312e-15]
 [ -1.40244285e-18   1.00000000e+00   8.22177767e-16]
 [  6.82128561e-20  -2.28846747e-20   1.00000000e+00]]
[[  1.00000000e+00  -2.24590604e-17  -2.13608312e-15]
 [ -1.40244285e-18   1.00000000e+00   8.22177767e-16]
 [  6.82128561e-20  -2.28846747e-20   1.00000000e+00]]
[[  1.00000000e+00  -2.24590604e-17  -2.13608312e-15]
 [ -1.40244285e-18   1.00000000e+00   8.22177767e-16]
 [  6.82128561e-20  -2.28846747e-20   1.00000000e+00]]
[[  1.00000000e+00  -2.24590604e-17  -2.13608312e-15]
 [ -1.40244285e-18   1.00000000e+00   8.22177767e-16]
 [  6.82128561e-20  -2.28846747e-20   1.00000000e+00]]
[[  1.00000000e+00  -2.24590604e-17  -2.13608312e-15]
 [ -1.40244285e-18   1.00000000e+00   8.22177767e-16]
 [  6.82128561e-20  -2.28846747e-20   1.00000000e+00]]
[[  1.00000000e+00  -1.26204753e-17   1.98201440e-14]
 [ -1.48971752e-17   1.00000000e+00   1.01208507e-14]
 [ -1.52804420e-19  -2.94312848e-20   1.00000000e+00]]
[[  1.00000000e+00  -1.26204753e-17   1.98201440e-14]
 [ -1.48971752e-17   1.00000000e+00   1.01208507e-14]
 [ -1.52804420e-19  -2.94312848e-20   1.00000000e+00]]
[[  1.00000000e+00  -1.26204753e-17   1.98201440e-14]
 [ -1.48971752e-17   1.00000000e+00   1.01208507e-14]
 [ -1.52804420e-19  -2.94312848e-20   1.00000000e+00]]
[[  1.00000000e+00  -1.26204753e-17   1.98201440e-14]
 [ -1.48971752e-17   1.00000000e+00   1.01208507e-14]
 [ -1.52804420e-19  -2.94312848e-20   1.00000000e+00]]
[[  1.00000000e+00  -1.26204753e-17   1.98201440e-14]
 [ -1.48971752e-17   1.00000000e+00   1.01208507e-14]
 [ -1.52804420e-19  -2.94312848e-20   1.00000000e+00]]
[[  1.00000000e+00  -1.26204753e-17   1.98201440e-14]
 [ -1.48971752e-17   1.00000000e+00   1.01208507e-14]
 [ -1.52804420e-19  -2.94312848e-20   1.00000000e+00]]
[[  1.00000000e+00  -1.26204753e-17   1.98201440e-14]
 [ -1.48971752e-17   1.00000000e+00   1.01208507e-14]
 [ -1.52804420e-19  -2.94312848e-20   1.00000000e+00]]
[[  1.00000000e+00  -1.26204753e-17   1.98201440e-14]
 [ -1.48971752e-17   1.00000000e+00   1.01208507e-14]
 [ -1.52804420e-19  -2.94312848e-20   1.00000000e+00]]
[[  1.00000000e+00  -1.26204753e-17   1.98201440e-14]
 [ -1.48971752e-17   1.00000000e+00   1.01208507e-14]
 [ -1.52804420e-19  -2.94312848e-20   1.00000000e+00]]
[[  1.00000000e+00  -7.70623909e-17   1.66277621e-14]
 [ -1.16124208e-17   1.00000000e+00   5.20180800e-15]
 [ -1.12894844e-19  -3.19891709e-19   1.00000000e+00]]
[[  1.00000000e+00  -7.70623909e-17   1.66277621e-14]
 [ -1.16124208e-17   1.00000000e+00   5.20180800e-15]
 [ -1.12894844e-19  -3.19891709e-19   1.00000000e+00]]
[[  1.00000000e+00  -7.70623909e-17   1.66277621e-14]
 [ -1.16124208e-17   1.00000000e+00   5.20180800e-15]
 [ -1.12894844e-19  -3.19891709e-19   1.00000000e+00]]
[[  1.00000000e+00  -7.70623909e-17   1.66277621e-14]
 [ -1.16124208e-17   1.00000000e+00   5.20180800e-15]
 [ -1.12894844e-19  -3.19891709e-19   1.00000000e+00]]
[[  1.00000000e+00  -7.70623909e-17   1.66277621e-14]
 [ -1.16124208e-17   1.00000000e+00   5.20180800e-15]
 [ -1.12894844e-19  -3.19891709e-19   1.00000000e+00]]
[[  1.00000000e+00  -7.70623909e-17   1.66277621e-14]
 [ -1.16124208e-17   1.00000000e+00   5.20180800e-15]
 [ -1.12894844e-19  -3.19891709e-19   1.00000000e+00]]
[[  1.00000000e+00  -7.70623909e-17   1.66277621e-14]
 [ -1.16124208e-17   1.00000000e+00   5.20180800e-15]
 [ -1.12894844e-19  -3.19891709e-19   1.00000000e+00]]
[[  1.00000000e+00  -7.70623909e-17   1.66277621e-14]
 [ -1.16124208e-17   1.00000000e+00   5.20180800e-15]
 [ -1.12894844e-19  -3.19891709e-19   1.00000000e+00]]
[[  1.00000000e+00  -7.70623909e-17   1.66277621e-14]
 [ -1.16124208e-17   1.00000000e+00   5.20180800e-15]
 [ -1.12894844e-19  -3.19891709e-19   1.00000000e+00]]
[[  1.00000000e+00  -7.70623909e-17   1.66277621e-14]
 [ -1.16124208e-17   1.00000000e+00   5.20180800e-15]
 [ -1.12894844e-19  -3.19891709e-19   1.00000000e+00]]
[[  1.00000000e+00  -7.71673278e-17   2.75452880e-14]
 [ -1.53646377e-17   1.00000000e+00   1.17037672e-14]
 [ -1.12015872e-19  -1.19738940e-19   1.00000000e+00]]
[[  1.00000000e+00  -7.71673278e-17   2.75452880e-14]
 [ -1.53646377e-17   1.00000000e+00   1.17037672e-14]
 [ -1.12015872e-19  -1.19738940e-19   1.00000000e+00]]
[[  1.00000000e+00  -7.71673278e-17   2.75452880e-14]
 [ -1.53646377e-17   1.00000000e+00   1.17037672e-14]
 [ -1.12015872e-19  -1.19738940e-19   1.00000000e+00]]
[[  1.00000000e+00  -7.71673278e-17   2.75452880e-14]
 [ -1.53646377e-17   1.00000000e+00   1.17037672e-14]
 [ -1.12015872e-19  -1.19738940e-19   1.00000000e+00]]
[[  1.00000000e+00  -7.71673278e-17   2.75452880e-14]
 [ -1.53646377e-17   1.00000000e+00   1.17037672e-14]
 [ -1.12015872e-19  -1.19738940e-19   1.00000000e+00]]
[[  1.00000000e+00  -7.71673278e-17   2.75452880e-14]
 [ -1.53646377e-17   1.00000000e+00   1.17037672e-14]
 [ -1.12015872e-19  -1.19738940e-19   1.00000000e+00]]
[[  1.00000000e+00  -7.71673278e-17   2.75452880e-14]
 [ -1.53646377e-17   1.00000000e+00   1.17037672e-14]
 [ -1.12015872e-19  -1.19738940e-19   1.00000000e+00]]
[[  1.00000000e+00  -7.71673278e-17   2.75452880e-14]
 [ -1.53646377e-17   1.00000000e+00   1.17037672e-14]
 [ -1.12015872e-19  -1.19738940e-19   1.00000000e+00]]
[[  1.00000000e+00  -7.71673278e-17   2.75452880e-14]
 [ -1.53646377e-17   1.00000000e+00   1.17037672e-14]
 [ -1.12015872e-19  -1.19738940e-19   1.00000000e+00]]
[[  1.00000000e+00  -7.71673278e-17   2.75452880e-14]
 [ -1.53646377e-17   1.00000000e+00   1.17037672e-14]
 [ -1.12015872e-19  -1.19738940e-19   1.00000000e+00]]
[[  1.00000000e+00  -7.71673278e-17   2.75452880e-14]
 [ -1.53646377e-17   1.00000000e+00   1.17037672e-14]
 [ -1.12015872e-19  -1.19738940e-19   1.00000000e+00]]
[[  1.00000000e+00  -7.71673278e-17   2.75452880e-14]
 [ -1.53646377e-17   1.00000000e+00   1.17037672e-14]
 [ -1.12015872e-19  -1.19738940e-19   1.00000000e+00]]
[[  1.00000000e+00   3.30382301e-17  -2.67650664e-15]
 [ -2.83197231e-18   1.00000000e+00   3.18510591e-15]
 [ -3.29431786e-20   1.87290226e-19   1.00000000e+00]]
[[  1.00000000e+00   3.30382301e-17  -2.67650664e-15]
 [ -2.83197231e-18   1.00000000e+00   3.18510591e-15]
 [ -3.29431786e-20   1.87290226e-19   1.00000000e+00]]
[[  1.00000000e+00   3.30382301e-17  -2.67650664e-15]
 [ -2.83197231e-18   1.00000000e+00   3.18510591e-15]
 [ -3.29431786e-20   1.87290226e-19   1.00000000e+00]]
[[  1.00000000e+00   3.30382301e-17  -2.67650664e-15]
 [ -2.83197231e-18   1.00000000e+00   3.18510591e-15]
 [ -3.29431786e-20   1.87290226e-19   1.00000000e+00]]
^C[[  1.00000000e+00   3.30382301e-17  -2.67650664e-15]
 [ -2.83197231e-18   1.00000000e+00   3.18510591e-15]
 [ -3.29431786e-20   1.87290226e-19   1.00000000e+00]]
[[  1.00000000e+00   3.30382301e-17  -2.67650664e-15]
 [ -2.83197231e-18   1.00000000e+00   3.18510591e-15]
 [ -3.29431786e-20   1.87290226e-19   1.00000000e+00]]
[[  1.00000000e+00   3.30382301e-17  -2.67650664e-15]
 [ -2.83197231e-18   1.00000000e+00   3.18510591e-15]
 [ -3.29431786e-20   1.87290226e-19   1.00000000e+00]]
